,Rank
0,1
1,3
2,5
3,6
4,7
5,8
6,9
7,10
8,11
9,12
10,13
11,14
12,15
13,17
14,18
15,19
16,20
17,21
18,22
19,23
20,24
21,25
22,26
23,27
24,29
25,30
26,32
27,33
28,34
29,35
30,36
31,37
32,38
33,39
34,40
35,41
36,42
37,43
38,44
39,45
40,46
41,47
42,49
43,50
44,51
45,53
46,54
47,55
48,56
49,57
50,58
51,59
52,60
53,61
54,62
55,63
56,64
57,65
58,66
59,67
60,68
61,69
62,70
63,72
64,73
65,74
66,75
67,76
68,77
69,78
70,79
71,80
72,81
73,82
74,84
75,85
76,86
77,87
78,88
79,89
80,90
81,91
82,92
83,93
84,94
85,96
86,99
87,100
88,101
89,102
90,103
91,105
92,107
93,108
94,109
95,110
96,111
97,113
98,114
99,116
100,118
101,119
102,120
103,121
104,122
105,124
106,125
107,126
108,128
109,129
110,130
111,131
112,133
113,134
114,135
115,136
116,137
117,138
118,139
119,140
120,141
121,142
122,143
123,144
124,145
125,146
126,147
127,148
128,149
129,150
130,151
131,152
132,154
133,156
134,157
135,158
136,160
137,162
138,163
139,166
140,167
141,168
142,169
143,171
144,172
145,173
146,174
147,175
148,176
149,177
150,178
151,180
152,182
153,183
154,185
155,186
156,187
157,191
